12258, 999
11413, 1074
13668, 1036
19588, 1050
12132, 1108
15813, 1107
29800, 1104
10610, 1131
11500, 1155
13912, 1200
10672, 1251
18667, 1287
21578, 1294
36872, 1298
10959, 1349
17361, 1399
2658, 1461
3455, 1455
58567, 1450
19605, 1478
240, 1491
26326, 1508
31013, 1501
17875, 1548
15197, 1600
1077, 1668
12538, 1642
17533, 1649
25688, 1650
37876, 1697
24966, 1733
30123, 1737
47824, 1758
52785, 1757
2098, 1807
13643, 1861
15041, 1840
30314, 1843
3929, 1902
6759, 1901
19914, 1927
22881, 1967
23795, 1961
25059, 1945
29793, 1946
37875, 1951
17179, 2001
11617, 2043
58903, 2053
59221, 2050
18879, 2108
37109, 2102
3014, 2142
15331, 2215
28879, 2186
29534, 2268
38987, 2258
55431, 2257
57576, 2248
13150, 2288
45558, 2371
46863, 2347
17294, 2407
36750, 2399
34633, 2429
190, 2510
16607, 2565
19996, 2560
21647, 2553
21642, 2604
33082, 2597
55906, 2599
15712, 2659
1851, 2651
26944, 2702
6770, 2742
37906, 2824
54795, 2792
23159, 2887
15718, 2930
42707, 2959
28950, 3045
38104, 3077
21357, 3167
54997, 3155
33945, 3242
15523, 3314
15574, 3310
11839, 3390
12509, 3564
57913, 3559
3277, 3622
36617, 3637
14234, 3681
22612, 3688
53266, 3701
12396, 3734
39604, 3751
20479, 3785
44590, 3847
36591, 3901
15786, 3956
35331, 3955
17160, 4098
23286, 4171
28619, 4207
404, 4243
10022, 4307
10894, 4351
55379, 4626
24986, 4692
53458, 4693
14206, 4740
15551, 4867
21337, 4863
